<?xml version="1.0"?>
<opencv_storage>
<CornersAmount>48</CornersAmount>
<Corner_0>
  241 356</Corner_0>
<Corner_1>
  257 356</Corner_1>
<Corner_2>
  270 356</Corner_2>
<Corner_3>
  287 356</Corner_3>
<Corner_4>
  300 357</Corner_4>
<Corner_5>
  317 357</Corner_5>
<Corner_6>
  332 357</Corner_6>
<Corner_7>
  347 357</Corner_7>
<Corner_8>
  239 364</Corner_8>
<Corner_9>
  256 365</Corner_9>
<Corner_10>
  271 364</Corner_10>
<Corner_11>
  286 366</Corner_11>
<Corner_12>
  302 365</Corner_12>
<Corner_13>
  317 365</Corner_13>
<Corner_14>
  333 365</Corner_14>
<Corner_15>
  347 366</Corner_15>
<Corner_16>
  237 373</Corner_16>
<Corner_17>
  252 373</Corner_17>
<Corner_18>
  270 373</Corner_18>
<Corner_19>
  285 372</Corner_19>
<Corner_20>
  301 374</Corner_20>
<Corner_21>
  317 374</Corner_21>
<Corner_22>
  332 375</Corner_22>
<Corner_23>
  349 374</Corner_23>
<Corner_24>
  235 381</Corner_24>
<Corner_25>
  252 381</Corner_25>
<Corner_26>
  267 381</Corner_26>
<Corner_27>
  284 382</Corner_27>
<Corner_28>
  301 383</Corner_28>
<Corner_29>
  316 384</Corner_29>
<Corner_30>
  333 383</Corner_30>
<Corner_31>
  349 383</Corner_31>
<Corner_32>
  233 390</Corner_32>
<Corner_33>
  250 391</Corner_33>
<Corner_34>
  265 392</Corner_34>
<Corner_35>
  284 392</Corner_35>
<Corner_36>
  300 393</Corner_36>
<Corner_37>
  317 393</Corner_37>
<Corner_38>
  333 393</Corner_38>
<Corner_39>
  351 392</Corner_39>
<Corner_40>
  232 400</Corner_40>
<Corner_41>
  247 402</Corner_41>
<Corner_42>
  266 402</Corner_42>
<Corner_43>
  283 402</Corner_43>
<Corner_44>
  299 402</Corner_44>
<Corner_45>
  317 402</Corner_45>
<Corner_46>
  334 403</Corner_46>
<Corner_47>
  351 403</Corner_47>
</opencv_storage>
