<?xml version="1.0"?>
<opencv_storage>
<CameraMatrix type_id="opencv-matrix">
  <rows>3</rows>
  <cols>3</cols>
  <dt>f</dt>
  <data>
    4.86803101e+02 0. 3.27360779e+02 0. 4.88993317e+02 2.31775330e+02 0.
    0. 1.</data></CameraMatrix>
<DistortionCoeffs type_id="opencv-matrix">
  <rows>5</rows>
  <cols>1</cols>
  <dt>f</dt>
  <data>
    -3.65260631e-01 1.86068356e-01 3.29351722e-04 -3.03485685e-05
    -5.42898215e-02</data></DistortionCoeffs>
<RotationValues type_id="opencv-matrix">
  <rows>3</rows>
  <cols>1</cols>
  <dt>f</dt>
  <data>
    1.18790019e+00 1.23989022e+00 -1.23672760e+00</data></RotationValues>
<TranslationValues type_id="opencv-matrix">
  <rows>3</rows>
  <cols>1</cols>
  <dt>f</dt>
  <data>
    -2.39627731e+02 1.42915991e+03 3.60290186e+03</data></TranslationValues>
</opencv_storage>
