<?xml version="1.0"?>
<opencv_storage>
<CameraMatrix type_id="opencv-matrix">
  <rows>3</rows>
  <cols>3</cols>
  <dt>f</dt>
  <data>
    4.86803101e+02 0. 3.27360779e+02 
    0. 4.88993317e+02 2.31775330e+02 
    0. 0. 1.
  </data>
</CameraMatrix>
<DistortionCoeffs type_id="opencv-matrix">
  <rows>5</rows>
  <cols>1</cols>
  <dt>f</dt>
  <data>
    -3.6526063084602356e-01
    1.8606835603713989e-01
    3.2935172202996910e-04
    -3.0348568543558940e-05
    -5.4289821535348892e-02
  </data>
</DistortionCoeffs>
</opencv_storage>
