<?xml version="1.0"?>
<opencv_storage>
<CameraMatrix type_id="opencv-matrix">
  <rows>3</rows>
  <cols>3</cols>
  <dt>f</dt>
  <data>
    4.94780853e+02 0. 3.36924866e+02 
    0. 4.96578796e+02 2.31297913e+02 
    0. 0. 1.
  </data>
</CameraMatrix>
<DistortionCoeffs type_id="opencv-matrix">
  <rows>5</rows>
  <cols>1</cols>
  <dt>f</dt>
  <data>
    -3.7168470025062561e-01
    2.0798543095588684e-01
    -6.2490953132510185e-04
    1.3062248763162643e-04
    -7.3341339826583862e-02
  </data>
</DistortionCoeffs>
</opencv_storage>
