<?xml version="1.0"?>
<opencv_storage>
<CornersAmount>48</CornersAmount>
<Corner_0>
  399 408</Corner_0>
<Corner_1>
  397 398</Corner_1>
<Corner_2>
  395 387</Corner_2>
<Corner_3>
  395 377</Corner_3>
<Corner_4>
  393 368</Corner_4>
<Corner_5>
  393 359</Corner_5>
<Corner_6>
  392 349</Corner_6>
<Corner_7>
  391 342</Corner_7>
<Corner_8>
  416 411</Corner_8>
<Corner_9>
  415 399</Corner_9>
<Corner_10>
  414 387</Corner_10>
<Corner_11>
  411 378</Corner_11>
<Corner_12>
  410 367</Corner_12>
<Corner_13>
  409 358</Corner_13>
<Corner_14>
  407 349</Corner_14>
<Corner_15>
  407 343</Corner_15>
<Corner_16>
  435 409</Corner_16>
<Corner_17>
  432 395</Corner_17>
<Corner_18>
  431 388</Corner_18>
<Corner_19>
  428 376</Corner_19>
<Corner_20>
  426 367</Corner_20>
<Corner_21>
  424 358</Corner_21>
<Corner_22>
  423 349</Corner_22>
<Corner_23>
  421 341</Corner_23>
<Corner_24>
  453 407</Corner_24>
<Corner_25>
  450 396</Corner_25>
<Corner_26>
  448 386</Corner_26>
<Corner_27>
  444 375</Corner_27>
<Corner_28>
  442 367</Corner_28>
<Corner_29>
  440 358</Corner_29>
<Corner_30>
  439 350</Corner_30>
<Corner_31>
  437 342</Corner_31>
<Corner_32>
  470 408</Corner_32>
<Corner_33>
  466 397</Corner_33>
<Corner_34>
  464 386</Corner_34>
<Corner_35>
  461 376</Corner_35>
<Corner_36>
  458 366</Corner_36>
<Corner_37>
  456 358</Corner_37>
<Corner_38>
  453 349</Corner_38>
<Corner_39>
  451 343</Corner_39>
<Corner_40>
  488 406</Corner_40>
<Corner_41>
  484 397</Corner_41>
<Corner_42>
  481 385</Corner_42>
<Corner_43>
  477 375</Corner_43>
<Corner_44>
  475 366</Corner_44>
<Corner_45>
  471 357</Corner_45>
<Corner_46>
  468 348</Corner_46>
<Corner_47>
  465 341</Corner_47>
</opencv_storage>
