<?xml version="1.0"?>
<opencv_storage>
<CornersAmount>48</CornersAmount>
<Corner_0>
  466 340</Corner_0>
<Corner_1>
  469 348</Corner_1>
<Corner_2>
  471 356</Corner_2>
<Corner_3>
  474 367</Corner_3>
<Corner_4>
  478 376</Corner_4>
<Corner_5>
  480 386</Corner_5>
<Corner_6>
  484 397</Corner_6>
<Corner_7>
  489 407</Corner_7>
<Corner_8>
  451 341</Corner_8>
<Corner_9>
  454 350</Corner_9>
<Corner_10>
  456 358</Corner_10>
<Corner_11>
  459 366</Corner_11>
<Corner_12>
  461 374</Corner_12>
<Corner_13>
  464 387</Corner_13>
<Corner_14>
  467 396</Corner_14>
<Corner_15>
  472 407</Corner_15>
<Corner_16>
  437 341</Corner_16>
<Corner_17>
  439 349</Corner_17>
<Corner_18>
  441 358</Corner_18>
<Corner_19>
  443 368</Corner_19>
<Corner_20>
  445 377</Corner_20>
<Corner_21>
  448 386</Corner_21>
<Corner_22>
  450 397</Corner_22>
<Corner_23>
  453 409</Corner_23>
<Corner_24>
  422 341</Corner_24>
<Corner_25>
  423 349</Corner_25>
<Corner_26>
  426 359</Corner_26>
<Corner_27>
  428 368</Corner_27>
<Corner_28>
  428 378</Corner_28>
<Corner_29>
  431 387</Corner_29>
<Corner_30>
  433 398</Corner_30>
<Corner_31>
  435 407</Corner_31>
<Corner_32>
  407 341</Corner_32>
<Corner_33>
  408 349</Corner_33>
<Corner_34>
  409 358</Corner_34>
<Corner_35>
  412 366</Corner_35>
<Corner_36>
  413 378</Corner_36>
<Corner_37>
  413 387</Corner_37>
<Corner_38>
  415 398</Corner_38>
<Corner_39>
  416 408</Corner_39>
<Corner_40>
  392 340</Corner_40>
<Corner_41>
  393 350</Corner_41>
<Corner_42>
  393 356</Corner_42>
<Corner_43>
  394 367</Corner_43>
<Corner_44>
  395 377</Corner_44>
<Corner_45>
  395 388</Corner_45>
<Corner_46>
  396 399</Corner_46>
<Corner_47>
  399 410</Corner_47>
</opencv_storage>
