<?xml version="1.0"?>
<opencv_storage>
<CameraMatrix type_id="opencv-matrix">
  <rows>3</rows>
  <cols>3</cols>
  <dt>f</dt>
  <data>
    4.89218414e+02 0. 3.21028503e+02 0. 4.88208649e+02 2.36851852e+02 0.
    0. 1.</data></CameraMatrix>
<DistortionCoeffs type_id="opencv-matrix">
  <rows>5</rows>
  <cols>1</cols>
  <dt>f</dt>
  <data>
    -3.70258063e-01 2.06609100e-01 1.18085241e-03 -7.74983724e-04
    -7.73809254e-02</data></DistortionCoeffs>
<RotationValues type_id="opencv-matrix">
  <rows>3</rows>
  <cols>1</cols>
  <dt>f</dt>
  <data>
    1.62391043e+00 -2.07102329e-01 1.64480492e-01</data></RotationValues>
<TranslationValues type_id="opencv-matrix">
  <rows>3</rows>
  <cols>1</cols>
  <dt>f</dt>
  <data>
    -7.20695618e+02 1.21918750e+03 2.43571118e+03</data></TranslationValues>
</opencv_storage>
