<?xml version="1.0"?>
<opencv_storage>
<CornersAmount>48</CornersAmount>
<Corner_0>
  314 305</Corner_0>
<Corner_1>
  324 310</Corner_1>
<Corner_2>
  333 315</Corner_2>
<Corner_3>
  344 321</Corner_3>
<Corner_4>
  351 324</Corner_4>
<Corner_5>
  362 329</Corner_5>
<Corner_6>
  372 335</Corner_6>
<Corner_7>
  383 340</Corner_7>
<Corner_8>
  305 310</Corner_8>
<Corner_9>
  312 315</Corner_9>
<Corner_10>
  322 319</Corner_10>
<Corner_11>
  331 324</Corner_11>
<Corner_12>
  343 330</Corner_12>
<Corner_13>
  352 335</Corner_13>
<Corner_14>
  362 341</Corner_14>
<Corner_15>
  373 347</Corner_15>
<Corner_16>
  294 314</Corner_16>
<Corner_17>
  303 319</Corner_17>
<Corner_18>
  312 325</Corner_18>
<Corner_19>
  320 330</Corner_19>
<Corner_20>
  332 335</Corner_20>
<Corner_21>
  342 341</Corner_21>
<Corner_22>
  352 347</Corner_22>
<Corner_23>
  362 351</Corner_23>
<Corner_24>
  284 318</Corner_24>
<Corner_25>
  291 324</Corner_25>
<Corner_26>
  299 327</Corner_26>
<Corner_27>
  310 335</Corner_27>
<Corner_28>
  320 340</Corner_28>
<Corner_29>
  329 345</Corner_29>
<Corner_30>
  340 351</Corner_30>
<Corner_31>
  350 358</Corner_31>
<Corner_32>
  272 322</Corner_32>
<Corner_33>
  279 328</Corner_33>
<Corner_34>
  289 334</Corner_34>
<Corner_35>
  298 339</Corner_35>
<Corner_36>
  307 344</Corner_36>
<Corner_37>
  317 352</Corner_37>
<Corner_38>
  328 358</Corner_38>
<Corner_39>
  338 365</Corner_39>
<Corner_40>
  260 327</Corner_40>
<Corner_41>
  269 334</Corner_41>
<Corner_42>
  277 338</Corner_42>
<Corner_43>
  286 344</Corner_43>
<Corner_44>
  296 351</Corner_44>
<Corner_45>
  306 358</Corner_45>
<Corner_46>
  315 364</Corner_46>
<Corner_47>
  327 371</Corner_47>
</opencv_storage>
