<?xml version="1.0"?>
<opencv_storage>
<CornersAmount>48</CornersAmount>
<Corner_0>
  260 327</Corner_0>
<Corner_1>
  268 333</Corner_1>
<Corner_2>
  277 338</Corner_2>
<Corner_3>
  286 345</Corner_3>
<Corner_4>
  294 350</Corner_4>
<Corner_5>
  307 357</Corner_5>
<Corner_6>
  316 365</Corner_6>
<Corner_7>
  328 372</Corner_7>
<Corner_8>
  273 322</Corner_8>
<Corner_9>
  281 329</Corner_9>
<Corner_10>
  288 335</Corner_10>
<Corner_11>
  298 339</Corner_11>
<Corner_12>
  308 345</Corner_12>
<Corner_13>
  317 351</Corner_13>
<Corner_14>
  329 358</Corner_14>
<Corner_15>
  339 364</Corner_15>
<Corner_16>
  284 318</Corner_16>
<Corner_17>
  292 324</Corner_17>
<Corner_18>
  300 328</Corner_18>
<Corner_19>
  309 334</Corner_19>
<Corner_20>
  319 340</Corner_20>
<Corner_21>
  330 346</Corner_21>
<Corner_22>
  340 352</Corner_22>
<Corner_23>
  350 359</Corner_23>
<Corner_24>
  295 314</Corner_24>
<Corner_25>
  303 319</Corner_25>
<Corner_26>
  312 324</Corner_26>
<Corner_27>
  321 328</Corner_27>
<Corner_28>
  332 335</Corner_28>
<Corner_29>
  342 340</Corner_29>
<Corner_30>
  350 346</Corner_30>
<Corner_31>
  362 352</Corner_31>
<Corner_32>
  305 308</Corner_32>
<Corner_33>
  313 314</Corner_33>
<Corner_34>
  322 319</Corner_34>
<Corner_35>
  333 324</Corner_35>
<Corner_36>
  341 330</Corner_36>
<Corner_37>
  354 337</Corner_37>
<Corner_38>
  361 341</Corner_38>
<Corner_39>
  373 346</Corner_39>
<Corner_40>
  316 305</Corner_40>
<Corner_41>
  324 310</Corner_41>
<Corner_42>
  333 313</Corner_42>
<Corner_43>
  343 319</Corner_43>
<Corner_44>
  353 326</Corner_44>
<Corner_45>
  362 328</Corner_45>
<Corner_46>
  372 336</Corner_46>
<Corner_47>
  384 342</Corner_47>
</opencv_storage>
