<?xml version="1.0"?>
<opencv_storage>
<CameraMatrix type_id="opencv-matrix">
  <rows>3</rows>
  <cols>3</cols>
  <dt>f</dt>
  <data>
    4.94780853e+02 0. 3.36924866e+02 0. 4.96578796e+02 2.31297913e+02 0.
    0. 1.</data></CameraMatrix>
<DistortionCoeffs type_id="opencv-matrix">
  <rows>5</rows>
  <cols>1</cols>
  <dt>f</dt>
  <data>
    -3.71684700e-01 2.07985431e-01 -6.24909531e-04 1.30622488e-04
    -7.33413398e-02</data></DistortionCoeffs>
<RotationValues type_id="opencv-matrix">
  <rows>3</rows>
  <cols>1</cols>
  <dt>f</dt>
  <data>
    -1.17436481e+00 -4.46701050e-01 -6.43343568e-01</data></RotationValues>
<TranslationValues type_id="opencv-matrix">
  <rows>3</rows>
  <cols>1</cols>
  <dt>f</dt>
  <data>
    -6.11777649e+02 7.63770447e+02 3.86556665e+03</data></TranslationValues>
</opencv_storage>
