<?xml version="1.0"?>
<opencv_storage>
<CornersAmount>48</CornersAmount>
<Corner_0>
  232 349</Corner_0>
<Corner_1>
  241 346</Corner_1>
<Corner_2>
  251 343</Corner_2>
<Corner_3>
  260 340</Corner_3>
<Corner_4>
  271 337</Corner_4>
<Corner_5>
  279 334</Corner_5>
<Corner_6>
  288 332</Corner_6>
<Corner_7>
  297 330</Corner_7>
<Corner_8>
  239 352</Corner_8>
<Corner_9>
  250 349</Corner_9>
<Corner_10>
  260 346</Corner_10>
<Corner_11>
  270 343</Corner_11>
<Corner_12>
  278 340</Corner_12>
<Corner_13>
  286 338</Corner_13>
<Corner_14>
  297 335</Corner_14>
<Corner_15>
  305 332</Corner_15>
<Corner_16>
  249 356</Corner_16>
<Corner_17>
  258 352</Corner_17>
<Corner_18>
  268 349</Corner_18>
<Corner_19>
  279 346</Corner_19>
<Corner_20>
  288 343</Corner_20>
<Corner_21>
  297 339</Corner_21>
<Corner_22>
  305 338</Corner_22>
<Corner_23>
  315 335</Corner_23>
<Corner_24>
  256 360</Corner_24>
<Corner_25>
  268 356</Corner_25>
<Corner_26>
  278 353</Corner_26>
<Corner_27>
  288 349</Corner_27>
<Corner_28>
  296 346</Corner_28>
<Corner_29>
  307 342</Corner_29>
<Corner_30>
  315 340</Corner_30>
<Corner_31>
  325 337</Corner_31>
<Corner_32>
  267 363</Corner_32>
<Corner_33>
  278 358</Corner_33>
<Corner_34>
  289 355</Corner_34>
<Corner_35>
  297 352</Corner_35>
<Corner_36>
  306 349</Corner_36>
<Corner_37>
  314 346</Corner_37>
<Corner_38>
  323 343</Corner_38>
<Corner_39>
  334 340</Corner_39>
<Corner_40>
  276 367</Corner_40>
<Corner_41>
  289 362</Corner_41>
<Corner_42>
  298 359</Corner_42>
<Corner_43>
  307 356</Corner_43>
<Corner_44>
  317 353</Corner_44>
<Corner_45>
  326 349</Corner_45>
<Corner_46>
  336 346</Corner_46>
<Corner_47>
  343 343</Corner_47>
</opencv_storage>
