<?xml version="1.0"?>
<opencv_storage>
<CornersAmount>48</CornersAmount>
<Corner_0>
  249 363</Corner_0>
<Corner_1>
  259 356</Corner_1>
<Corner_2>
  270 351</Corner_2>
<Corner_3>
  280 345</Corner_3>
<Corner_4>
  288 340</Corner_4>
<Corner_5>
  295 335</Corner_5>
<Corner_6>
  304 330</Corner_6>
<Corner_7>
  313 325</Corner_7>
<Corner_8>
  263 370</Corner_8>
<Corner_9>
  272 361</Corner_9>
<Corner_10>
  281 356</Corner_10>
<Corner_11>
  292 348</Corner_11>
<Corner_12>
  299 343</Corner_12>
<Corner_13>
  306 340</Corner_13>
<Corner_14>
  316 334</Corner_14>
<Corner_15>
  323 328</Corner_15>
<Corner_16>
  274 372</Corner_16>
<Corner_17>
  282 366</Corner_17>
<Corner_18>
  292 359</Corner_18>
<Corner_19>
  302 354</Corner_19>
<Corner_20>
  310 349</Corner_20>
<Corner_21>
  319 342</Corner_21>
<Corner_22>
  325 337</Corner_22>
<Corner_23>
  332 332</Corner_23>
<Corner_24>
  285 376</Corner_24>
<Corner_25>
  295 370</Corner_25>
<Corner_26>
  304 364</Corner_26>
<Corner_27>
  312 356</Corner_27>
<Corner_28>
  320 352</Corner_28>
<Corner_29>
  328 346</Corner_29>
<Corner_30>
  337 340</Corner_30>
<Corner_31>
  344 334</Corner_31>
<Corner_32>
  297 382</Corner_32>
<Corner_33>
  307 374</Corner_33>
<Corner_34>
  315 367</Corner_34>
<Corner_35>
  324 361</Corner_35>
<Corner_36>
  332 357</Corner_36>
<Corner_37>
  342 349</Corner_37>
<Corner_38>
  348 343</Corner_38>
<Corner_39>
  356 339</Corner_39>
<Corner_40>
  307 387</Corner_40>
<Corner_41>
  318 380</Corner_41>
<Corner_42>
  328 373</Corner_42>
<Corner_43>
  336 366</Corner_43>
<Corner_44>
  344 359</Corner_44>
<Corner_45>
  352 354</Corner_45>
<Corner_46>
  360 348</Corner_46>
<Corner_47>
  367 344</Corner_47>
</opencv_storage>
