<?xml version="1.0"?>
<opencv_storage>
<CameraMatrix type_id="opencv-matrix">
  <rows>3</rows>
  <cols>3</cols>
  <dt>f</dt>
  <data>
    4.88744598e+02 0. 3.47179565e+02 0. 4.90907013e+02 2.45466721e+02 0.
    0. 1.</data></CameraMatrix>
<DistortionCoeffs type_id="opencv-matrix">
  <rows>5</rows>
  <cols>1</cols>
  <dt>f</dt>
  <data>
    -3.83593410e-01 2.41725639e-01 -6.55100041e-04 -1.08214596e-03
    -1.05879307e-01</data></DistortionCoeffs>
<RotationValues type_id="opencv-matrix">
  <rows>3</rows>
  <cols>1</cols>
  <dt>f</dt>
  <data>
    1.81971514e+00 5.42701900e-01 -3.98590356e-01</data></RotationValues>
<TranslationValues type_id="opencv-matrix">
  <rows>3</rows>
  <cols>1</cols>
  <dt>f</dt>
  <data>
    -7.54625671e+02 9.17681641e+02 3.69981714e+03</data></TranslationValues>
</opencv_storage>
